stopped : 130, 171 ,0.7602339181286549
much : 214, 934 ,0.2291220556745182
disappoint : 155, 232 ,0.6681034482758621
disappointment : 14, 21 ,0.6666666666666666
enthusiastic : 0, 1 ,0.0
expensive : 64, 277 ,0.23104693140794225
bad : 87, 174 ,0.5
poor : 31, 45 ,0.6888888888888889
