great : 1688, 1889 ,0.8935944944415034
like : 1401, 1860 ,0.7532258064516129
well : 1004, 1245 ,0.8064257028112449
good : 1144, 1395 ,0.8200716845878137
