Awesome : 1, 33 ,0.030303030303030304
does not : 123, 308 ,0.39935064935064934
small : 117, 624 ,0.1875
couldn't : 21, 114 ,0.18421052631578946
didn't : 175, 424 ,0.41273584905660377
stopped : 130, 171 ,0.7602339181286549
much : 214, 934 ,0.2291220556745182
disappoint : 155, 232 ,0.6681034482758621
disappointment : 14, 21 ,0.6666666666666666
enthusiastic : 0, 1 ,0.0
