Awesome : 0, 2 ,0.0
does not : 23, 41 ,0.5609756097560976
small : 37, 181 ,0.20441988950276244
couldn't : 2, 20 ,0.1
didn't : 26, 67 ,0.3880597014925373
stopped : 17, 22 ,0.7727272727272727
much : 18, 101 ,0.1782178217821782
disappoint : 13, 21 ,0.6190476190476191
disappointment : 3, 5 ,0.6
